1 34952194402811904 1297168227 7.460751
1 33823403328671744 1296899102 7.460751
1 32415024995631105 1296563318 7.451583
1 32158658863304705 1296502196 7.460751
1 30554037510213632 1296119624 7.431847
1 30500781002063872 1296106927 7.451583
1 30407896273526784 1296084782 10.798553
1 30319208176820224 1296063637 8.108617
1 30317913206431744 1296063328 8.492500
1 30316304493707264 1296062944 8.683760
1 30315453180022785 1296062741 9.181125
1 30299217419304960 1296058871 7.431847
1 30275282464153600 1296053164 10.737734
1 30251634873335810 1296047526 7.431847
1 30236884051435520 1296044009 7.465740
1 30236041789050880 1296043808 7.903304
1 30223544906424320 1296040829 7.581687
1 30219793458008064 1296039934 8.064590
1 30198105513140224 1296034764 11.451906
1 30188655465209856 1296032510 7.431847
1 30167063326629888 1296027363 8.986045
1 30162553262841857 1296026287 7.451583
1 30157835434201089 1296025162 7.392791
1 30149086560657409 1296023077 7.770049
1 30137431932010498 1296020298 7.431847
1 30051954050727936 1295999918 7.443803
1 30016851715031040 1295991549 8.986045
1 30016488928706560 1295991463 8.974089
1 29997693933719553 1295986982 7.431847
1 29993695927336960 1295986029 9.558383
1 29990983902961664 1295985382 8.076910
1 29990282447552512 1295985215 7.451583
1 29983478363717633 1295983592 9.954223
1 29978962599870465 1295982516 7.460751
1 29967932868009984 1295979886 7.412096
1 29629635817906176 1295899230 8.001257
1 29621742011944960 1295897348 7.581687
2 35042178199851008 1297189680 7.336705
2 34782178369863681 1297127692 10.566919
2 34738795341414400 1297117348 10.576787
2 34732484117663744 1297115844 10.576787
2 34694262440329216 1297106731 10.566919
2 34634360019750912 1297092449 10.572898
2 34606391796695040 1297085781 10.566919
2 34527679499735040 1297067014 10.566919
2 34488644752384000 1297057708 8.410001
2 34063614319136769 1296956373 7.336705
2 33788487845027840 1296890777 7.336705
2 33692772951138304 1296867957 8.002164
2 33562935863410688 1296837002 7.336705
2 33280821641216000 1296769740 7.334210
2 33114346758348800 1296730050 7.334210
2 32973315941343232 1296696425 7.329626
2 32870931382673409 1296672015 7.336705
2 32838481495461888 1296664278 7.336705
2 32688533458124800 1296628528 8.003617
2 32445789523419136 1296570653 7.336705
2 32301707404771328 1296536301 7.336705
2 32299263832621057 1296535719 7.336705
2 32242968895168512 1296522297 10.581371
2 32213278809657345 1296515218 7.997639
2 32176836280721408 1296506530 7.336705
2 32044336459808768 1296474939 7.424973
2 32039222638546945 1296473720 10.217670
2 31946508244877312 1296451615 7.336705
2 31936582743228418 1296449249 8.002164
2 31787975176097792 1296413818 7.336705
2 31755163664384000 1296405995 7.336705
2 31420395248680960 1296326180 7.424973
2 31384247256354816 1296317562 7.336705
2 31099274330636288 1296249619 7.336705
2 30980017781481472 1296221186 7.336705
2 30976231704891392 1296220283 7.329626
2 30338593088081921 1296068258 7.336705
2 30225445022605312 1296041282 10.572898
2 30090030793891842 1296008997 7.336705
2 30053282982404097 1296000235 7.336705
2 29935804440649728 1295972226 11.249601
2 29839771765317632 1295949330 7.336705
2 29645836442927104 1295903092 7.336705
2 29446210876088320 1295855498 7.336705
2 29376660134428672 1295838916 10.566919
2 29262014509490178 1295811582 10.566919
2 29058771531595776 1295763125 10.566919
2 29026473444646912 1295755425 7.336705
3 35088534306033665 1297200733 10.847486
3 34962786534559745 1297170752 10.830540
3 34896269163896832 1297154893 10.844992
3 34783272391151616 1297127953 10.836517
3 34761216727449600 1297122694 10.830540
3 34689356128059392 1297105561 13.253318
3 34410414846517248 1297039056 10.847486
3 34002285335945217 1296941751 11.522907
3 33917872883372032 1296921625 10.840407
3 32988552786608128 1296700058 10.830540
3 32963753171492865 1296694145 10.840407
3 32886403880718337 1296675704 10.820663
3 32880949976891392 1296674404 10.830540
3 32878302150529024 1296673772 11.527328
3 32547700427718657 1296594951 10.840407
3 32517750123401216 1296587810 10.830540
3 32488312107175936 1296580791 8.875736
3 32469924240695297 1296576407 13.262285
3 32443364628500480 1296570075 13.262285
3 32383831071793152 1296555881 14.343620
3 32378706596986880 1296554659 11.517460
3 32281431338127361 1296531467 10.840407
3 32273316047757312 1296529532 10.844992
3 32255086369439744 1296525186 10.840407
3 32252735009062912 1296524625 10.830540
3 32250441588805633 1296524079 11.517460
3 32211683082502144 1296514838 13.940239
3 32204788955357184 1296513194 13.274996
3 32203898773053440 1296512982 13.253318
3 32196799145971712 1296511289 13.262285
3 32080564265680898 1296483577 13.253318
3 31861291236724738 1296431298 13.945686
3 31034174752169984 1296234098 13.253318
3 29615296666931200 1295895811 13.262285
3 29613127372898304 1295895294 13.262285
3 29278582916251649 1295815532 13.268120
3 29240103247282176 1295806358 10.820663
3 29227696403775488 1295803400 10.830540
3 29214357573337088 1295800220 13.253318
3 28984571475271680 1295745435 8.881714
4 32847352670724097 1296666393 6.231478
4 32802881576894465 1296655791 5.575455
4 32655529167822848 1296620659 6.617815
4 32544789014515712 1296594257 5.571565
4 31674849906659328 1296386847 5.571565
4 31264733394903040 1296289067 7.723739
4 31228698111770624 1296280476 5.575455
4 31052570369728512 1296238484 5.565587
4 30982428747108352 1296221761 6.231478
4 30888289225408512 1296199316 6.223324
4 30872067012300801 1296195449 5.571565
4 30803410601123841 1296179080 5.575455
4 30794765645651969 1296177018 6.889215
4 30727512476618752 1296160984 6.223324
4 30689756039876608 1296151982 6.231478
4 30634433082036225 1296138792 5.580038
4 30599022376919043 1296130350 5.565587
4 30525207802281984 1296112751 5.575455
4 30511580726697984 1296109502 5.575455
4 30484140813975552 1296102960 5.580038
4 30470121625485312 1296099617 8.411091
4 30363456024608768 1296074186 8.404444
4 30319403635576834 1296063683 6.229302
4 30306064587030528 1296060503 7.738552
4 30103326259412994 1296012166 5.580038
4 30098480538066945 1296011011 5.565587
4 30096601695395841 1296010563 6.237456
4 30049475154157568 1295999327 6.119883
4 30027043655655424 1295993979 7.763971
4 29971370016243713 1295980706 7.753354
4 29903758779490304 1295964586 7.738552
4 29887625179435009 1295960739 7.753354
4 29878816281206784 1295958639 7.753354
4 29756448648994816 1295929464 8.404444
4 29750037760188416 1295927936 5.580038
4 29702973026209792 1295916715 5.575455
4 29400624374222849 1295844629 7.763971
4 29036816577335297 1295757891 5.571565
5 33581589627666432 1296841449 9.788258
5 33579862476197888 1296841037 10.441432
5 33461696441880576 1296812864 7.253234
5 33376019922554880 1296792437 9.460722
5 33288536677421057 1296771580 9.802710
5 33262594600996864 1296765395 7.260460
5 33254931624361984 1296763568 9.794235
5 33232351123218432 1296758184 9.460722
5 33224790349193216 1296756381 7.258168
5 33215276099043328 1296754113 7.253234
5 33188770152976385 1296747794 9.802710
5 33158966397763585 1296740688 9.798125
5 32977594907492352 1296697445 9.794235
5 32974162528047105 1296696627 7.253234
5 32954702568103936 1296691988 7.260460
5 32915822120800258 1296682718 4.759458
5 32915693091422208 1296682687 7.253234
5 32895261223157760 1296677816 7.248296
5 32885021106774018 1296675374 7.260460
5 32523378069868544 1296589152 7.258168
5 32503714556149760 1296584464 7.258168
5 32427585006731264 1296566313 7.260460
5 32273957008711681 1296529685 7.260460
5 32188599864655872 1296509334 5.395686
5 32171624308408320 1296505287 7.248296
5 32097511061585921 1296487617 7.258168
5 31737952736387072 1296401892 7.260460
5 31656656521666561 1296382509 7.248296
5 31553816759373824 1296357990 5.401665
5 31049016833736705 1296237637 7.253234
5 31043445728481280 1296236308 7.248296
5 30686965099663360 1296151317 7.258168
5 30566466117967872 1296122588 6.810822
5 30410322544164864 1296085360 7.248296
5 30265364831019008 1296050799 7.253234
5 30210258001461248 1296037661 7.258168
5 30102235455168513 1296011906 7.258168
5 30041572661796864 1295997443 5.401665
5 30024303202271233 1295993326 4.759458
5 29669841723985920 1295908816 7.262460
5 29662782035066880 1295907133 7.253234
5 29644789049724928 1295902843 10.451300
5 29629478258872320 1295899192 7.256223
5 29529488979136512 1295875353 7.260460
5 29527934398111744 1295874982 7.256223
5 29275115564830720 1295814706 7.258168
5 29209157366190080 1295798980 9.470590
5 29155458010841088 1295786177 7.256223
6 35005178885181441 1297180859 7.185460
6 34898501208907776 1297155425 6.500288
6 34759311137710080 1297122240 6.497996
6 34713303489978368 1297111271 6.497996
6 34484309310193664 1297056674 6.496051
6 34255567715307520 1297002138 6.496051
6 34227689128730624 1296995491 6.497996
6 34214100875612161 1296992251 6.496051
6 34012181133524992 1296944110 7.878233
6 33995016242204672 1296940018 6.497996
6 33934584424955905 1296925610 6.500288
6 33752832922353664 1296882277 6.501535
6 33567410619420672 1296838069 6.500288
6 33410168616132608 1296800579 7.188449
6 33024659339350016 1296708667 6.497996
6 32951685714280449 1296691268 6.497996
6 32738706355916800 1296640490 6.501535
6 32737481925337089 1296640198 6.497996
6 32536602110590976 1296592305 6.500288
6 32531206918635520 1296591018 6.500288
6 32429602890588160 1296566794 6.502288
6 31734000162705409 1296400949 6.496051
6 31616189264306176 1296372861 6.497996
6 31585204367785985 1296365474 6.500288
6 31098028576215040 1296249322 6.497996
6 31074386530275328 1296243685 6.497996
6 30954255556804608 1296215044 6.497996
6 30595610436435968 1296129536 6.496051
6 30327223667920896 1296065548 6.497996
6 30264640881561601 1296050627 6.497996
6 30261449423065088 1296049866 6.497996
6 30151654837846016 1296023689 6.497996
6 30033259387682816 1295995461 6.497996
6 29858815696437248 1295953871 6.500288
6 29816595014483968 1295943804 6.500288
6 29742714824167424 1295926190 6.497996
6 29708998961799169 1295918151 6.497996
6 29698406398038017 1295915626 6.497996
6 29682072591273984 1295911732 6.497996
6 29542707701489665 1295878505 6.497996
6 29508494730203136 1295870348 6.500288
6 29453734400491520 1295857292 6.497996
6 29438217849667584 1295853592 6.497996
6 29433976355557376 1295852581 6.497996
6 29363446097117184 1295835765 6.497996
6 29293840150036480 1295819170 6.500288
6 29278458265739264 1295815503 6.497996
6 29224100283031552 1295802543 6.497996
6 29074552306794496 1295766888 6.497996
7 34983143735820288 1297175606 9.245375
7 34872339610996737 1297149188 9.241486
7 34857364532236288 1297145617 12.517893
7 34759762457395201 1297122347 9.235508
7 33781218138918912 1296889044 9.235508
7 33781218164080640 1296889044 9.235508
7 33712124932923392 1296872571 9.241486
7 33353153395040257 1296786986 9.249959
7 33317258596069376 1296778428 9.235508
7 33163528449953792 1296741775 9.235508
7 33107726003339264 1296728471 9.252453
7 33094359847014401 1296725284 9.249959
7 33094107148591104 1296725224 9.235508
7 33093699894247424 1296725127 9.249959
7 33068047145107456 1296719011 9.241486
7 33054628148940800 1296715812 9.920492
7 33054629621141504 1296715812 9.920492
7 33017924159541248 1296707061 9.245375
7 32980625807904768 1296698168 8.180300
7 32503347730714624 1296584376 9.245375
7 32463160648671232 1296574795 8.419933
7 32350953285877760 1296548042 9.245375
7 32332659891904512 1296543681 9.910617
7 31869348700229632 1296433219 9.235508
7 31802123293294592 1296417191 9.241486
7 31647814786228224 1296380401 9.249959
7 31638262082707458 1296378124 9.249959
7 31617061889249280 1296373069 9.235508
7 31456453080383488 1296334777 9.235508
7 31418086171082752 1296325630 9.235508
7 31415088246169600 1296324915 9.245375
7 31413608780931072 1296324562 9.249959
7 31395755189075968 1296320305 9.245375
7 31382773830782976 1296317211 9.235508
7 31329744452591617 1296304567 9.926470
7 31319830095208448 1296302204 9.241486
7 31315354999324672 1296301137 9.235508
7 31284921209200641 1296293881 8.749613
7 31183953457057793 1296269808 9.241486
7 31053656509911040 1296238743 12.532694
7 31006409738948610 1296227478 8.749613
7 30966722299170816 1296218016 8.749613
7 30809856231342080 1296180616 12.532694
7 30723400687165441 1296160004 12.517893
7 30657495219306497 1296144291 9.920492
8 34516786544115712 1297064417 4.932318
8 34467845525995520 1297052749 7.586059
8 34212744903270400 1296991928 4.618169
8 34020065640718336 1296945990 5.296662
8 34019353577922561 1296945820 4.618169
8 33729606519361536 1296876739 7.918884
8 33640876236349440 1296855584 4.932318
8 33199793962491904 1296750422 5.296662
8 32956063036743680 1296692312 5.301596
8 32944675002253312 1296689597 5.299651
8 32517487086018560 1296587747 6.449244
8 32476971183120384 1296578087 4.950069
8 32155065032642560 1296501339 4.889277
8 32148770535907328 1296499838 4.784432
8 32051639032479745 1296476680 7.918884
8 31421623257010176 1296326473 5.736446
8 31110177306451969 1296252218 5.299651
8 31098086730244096 1296249336 5.296662
8 31034903080468480 1296234272 5.296662
8 30809302881017857 1296180484 5.296662
8 30755857700491264 1296167742 4.932318
8 30662992135725058 1296145601 4.922443
8 30609949373505536 1296132955 5.296662
8 30429664170213377 1296089971 6.463695
8 30303893518819329 1296059985 5.449944
8 30142132299767809 1296021419 5.296662
8 30103747031998464 1296012267 5.296662
8 30088521779777536 1296008637 5.296662
8 30046529339265026 1295998625 4.778454
8 29960785539112960 1295978182 5.296662
8 29700371001643009 1295916094 7.918884
8 29583336053678081 1295888191 5.730468
8 29281084667596800 1295816129 8.246194
8 29201550891028480 1295797166 6.449244
8 29192127565004803 1295794920 7.928752
8 29189562559369218 1295794308 4.784432
8 29175079959011328 1295790855 6.449244
8 29171459813281792 1295789992 6.455221
8 29171452892684288 1295789991 6.455221
9 34920222079066112 1297160604 8.154860
9 34918967013277696 1297160305 8.826897
9 34887054940704768 1297152696 8.153355
9 33146965940240384 1296737827 9.505713
9 33007975450804224 1296704689 8.820919
9 31984587735306240 1296460694 8.821200
9 30667277003137024 1296146623 9.223866
9 30558796480774144 1296120759 8.820919
9 30426663745486848 1296089256 9.505713
9 30381116489736193 1296078397 9.908377
9 30350155270062080 1296071015 9.511690
9 30341918521040896 1296069051 9.223489
9 30329279422144512 1296066038 9.505713
9 30329277014609920 1296066037 9.505713
9 30327110438486017 1296065521 8.820919
9 30318616071114752 1296063496 9.223489
9 30317495017545729 1296063228 9.505713
9 30308676094926848 1296061126 9.511690
9 30282297689251840 1296054837 8.154860
9 30280080747921408 1296054308 8.153355
9 30264116249624576 1296050502 8.153355
9 30231756779028480 1296042787 9.505713
9 30225672072855552 1296041336 8.150860
9 30220405885112320 1296040080 8.821200
9 30205882033766400 1296036618 8.150860
9 30203004422463488 1296035932 9.505713
9 30197182858530816 1296034544 8.150860
9 30187870459273216 1296032323 8.150860
9 30185632311549952 1296031790 8.150860
9 30184822701821954 1296031597 8.150860
9 30181945539301376 1296030911 9.505713
9 30180852956667904 1296030650 8.150860
9 30179590383075329 1296030349 9.505713
9 30173842013949952 1296028979 9.505713
9 30173229582655489 1296028833 9.505713
9 30173215829524480 1296028829 9.505713
9 30173101094342657 1296028802 9.505713
9 30172846525251585 1296028741 9.505713
9 30172275693068288 1296028605 9.505713
9 30171143117733889 1296028335 8.153355
9 30151108915625984 1296023559 9.505713
9 30147216362446848 1296022631 9.505713
9 29481611904946176 1295863938 8.826897
9 29450338503229440 1295856482 8.820919
9 29449488145850369 1295856279 8.820919
10 31426539723689984 1296327645 5.649922
10 31416044081913856 1296325143 5.649922
10 31414860923277312 1296324861 5.646033
10 31413177094766592 1296324459 5.649922
10 31405044901355520 1296322520 5.640055
10 31404836763213825 1296322471 5.640055
10 31403494363635714 1296322151 5.646033
10 31395706530963456 1296320294 5.646033
10 31391910677446657 1296319389 5.646033
10 31387404828934144 1296318315 5.657001
10 31383014810324993 1296317268 5.654506
10 31368304555728896 1296313761 5.640055
10 31365731945816065 1296313147 6.816203
10 31364493804044289 1296312852 5.649922
10 31324914770255872 1296303416 5.649922
10 31262620644286464 1296288564 5.646033
10 31108442777198592 1296251805 6.099515
10 31077183673868288 1296244352 5.649922
10 31076061462659072 1296244085 6.286363
10 31075146924036096 1296243867 5.646033
10 31075074597453824 1296243849 6.280385
10 31065622423011328 1296241596 5.649922
10 31045366132514816 1296236766 5.646033
10 31031982045536257 1296233575 5.646033
10 30354903104749568 1296072147 5.646033
11 34199299428581376 1296988723 7.410769
11 34196556970328064 1296988069 4.324052
11 34195141094805504 1296987731 4.331278
11 34192105198854145 1296987007 4.327041
11 34191870057906176 1296986951 4.327041
11 34184962794061824 1296985304 4.153826
11 34147716065923072 1296976424 4.324052
11 33407150088790016 1296799859 5.013618
11 33368015349366784 1296790529 4.332525
11 33284911976677376 1296770716 4.332525
11 33281011269902336 1296769786 4.328986
11 33277241009901568 1296768887 4.324052
11 33273563339300864 1296768010 5.010629
11 33263921892691968 1296765711 4.324052
11 33252912956182528 1296763086 5.010629
11 33252778008649729 1296763054 4.331278
11 33252773843705856 1296763053 5.010629
11 33218436771348480 1296754867 4.324052
11 33217921840844800 1296754744 4.324052
11 33216494267539457 1296754404 4.327041
11 33216328009662464 1296754364 4.327041
11 33214221109960704 1296753862 4.324052
11 33205799492780033 1296751854 5.010629
11 33204031983722496 1296751432 4.319115
11 33147973416255488 1296738067 4.331278
11 33147678070145024 1296737996 4.310088
11 33063556597420032 1296717940 5.010629
11 32864991916859393 1296670599 4.324052
11 32846080123084800 1296666090 4.332525
11 32789110536015872 1296652507 4.319115
11 32757713075179520 1296645022 4.328986
11 32678089318207488 1296626038 4.144600
11 32392389033205760 1296557922 4.324052
11 32166012774252544 1296503949 4.324052
11 32080812887244801 1296483636 4.328986
11 32067176689041408 1296480385 4.324052
11 32047425136889856 1296475676 4.324052
11 31646478854262784 1296380083 4.324052
11 30633225000849408 1296138504 5.010629
11 30316660724342784 1296063029 4.328986
11 30232240050929665 1296042902 4.324052
11 29249361980424192 1295808565 4.328986
11 29214788802322432 1295800323 4.319115
12 32181966761631744 1296507753 6.986437
12 32179817256325120 1296507240 6.969491
12 32117461922877440 1296492374 9.397545
12 31810073034489856 1296419087 6.975469
12 31666125670453248 1296384767 7.657952
12 31189633366757376 1296271162 6.975469
12 31052162154893314 1296238387 5.352639
12 31051367288143873 1296238197 6.969491
12 31050984805376000 1296238106 6.969491
12 31011394807660544 1296228667 6.975469
12 30999033770147840 1296225720 6.975469
12 30982556765659136 1296221791 7.657952
12 30715615568199680 1296158148 6.959616
12 30669194546651136 1296147080 6.975469
12 30667570033991680 1296146693 6.969491
12 30657458649174016 1296144282 5.373256
12 30649861007216640 1296142470 5.349650
12 30648258229444608 1296142088 5.349650
12 30638978038239232 1296139876 6.969491
12 30637280020402176 1296139471 6.979359
12 30631666200350720 1296138132 5.352639
12 30282623465029632 1296054914 6.969491
12 29981822792241152 1295983198 6.959616
12 29948475433029633 1295975247 6.983943
12 29913531566522369 1295966916 7.067564
12 29894528496308225 1295962385 5.349650
12 29875946907508736 1295957955 6.983943
12 29822030731812864 1295945100 6.979359
12 29819392954994688 1295944471 6.986437
12 29584229222326273 1295888404 6.969491
13 29565006546735104 1295883821 12.061914
13 29564454236594176 1295883689 6.945487
13 29564334317244416 1295883661 8.819470
13 29563036205318144 1295883351 8.821965
13 29561771501031424 1295883050 8.810997
13 29561670661570560 1295883026 12.878300
13 29561350334185472 1295882949 6.006442
13 29560222905278464 1295882681 12.290673
13 29558797357809664 1295882341 6.941746
13 29558284407017472 1295882218 8.810997
13 29557749993963522 1295882091 6.934870
13 29551669075251200 1295880641 10.182810
13 29547345301479424 1295879610 6.934870
13 29540785812668417 1295878046 8.814887
13 29540081047961602 1295877878 10.977690
13 29536057699606528 1295876919 8.814887
13 29518982365061120 1295872848 9.482098
13 29514932055703552 1295871882 9.491964
13 29505784073166848 1295869701 9.472221
13 29505779920797696 1295869700 9.482098
13 29502668741287936 1295868959 8.821965
13 29500106587770880 1295868348 8.814887
13 29499792748969984 1295868273 8.814887
13 29409265751953408 1295846690 8.805019
13 29371087850577922 1295837587 8.810997
13 29370043007500289 1295837338 6.934870
13 29355599888125952 1295833895 10.178921
13 29337710699216897 1295829629 8.814887
13 29332140214722561 1295828301 8.810997
13 29296922074288129 1295819905 8.805019
13 29270969319161856 1295813717 5.375539
13 29259923342757888 1295811084 8.805019
13 29251107381317632 1295808982 8.814887
13 29195519498657792 1295795728 8.819470
13 29188729058889728 1295794109 5.375539
13 29143513459331073 1295783329 8.810997
13 29108806621335554 1295775054 8.810997
13 29096638077214720 1295772153 8.814887
13 29086961184542723 1295769846 9.488075
13 29030776167202816 1295756451 8.814887
13 29016663311523840 1295753086 9.482098
13 29011014699712512 1295751739 9.482098
13 29011004096520193 1295751737 10.172942
13 28998973318496256 1295748868 8.814887
13 28990073705861120 1295746746 8.814887
13 28985597095841792 1295745679 5.370605
14 32715405315276800 1296634935 2.778980
14 32641918215135232 1296617414 2.778980
14 32631085309370368 1296614831 2.778980
14 32618576733020160 1296611849 2.778980
14 32567459911311360 1296599662 3.194284
14 32439025562292225 1296569041 3.368724
14 32281074788732928 1296531382 2.778980
14 32256501611495424 1296525523 2.785855
14 32232085791973376 1296519702 2.778980
14 32200466834132992 1296512164 2.778980
14 32159687470223361 1296502441 2.984645
14 32009279766532096 1296466581 3.362746
14 31865568277569536 1296432318 3.465261
14 31851300270374912 1296428916 2.813385
14 31845789533736960 1296427602 3.362746
14 31845404345630720 1296427510 3.465261
14 31841898771517440 1296426674 3.465261
14 31840187944280064 1296426267 3.450448
14 31807852616089601 1296418557 2.778980
14 31807594473459712 1296418496 3.465261
14 31804215198224384 1296417690 3.352870
14 31803419240960000 1296417500 2.778980
14 31664015159599104 1296384264 3.352870
14 31456453080383488 1296334777 2.906090
14 31415194911506432 1296324940 2.866364
14 31383255567564802 1296317325 2.813385
14 31370453759033344 1296314273 3.372614
14 31329560293285888 1296304523 2.813385
14 31314236164542464 1296300870 2.813385
14 31313048425725952 1296300587 2.813385
14 31280613415723008 1296292854 2.778980
14 31239257569894401 1296282994 2.994517
14 31183811773468672 1296269774 3.368724
14 30982438305927168 1296221763 2.851550
14 30965189222334464 1296217651 2.813385
14 30912007314083840 1296204971 3.352870
14 30892447181570048 1296200308 3.092098
14 30706323486150656 1296155932 2.785855
14 30664638555230208 1296145994 2.813385
14 30408018050945024 1296084811 2.813385
14 30400409612853249 1296082997 3.362746
14 30330130203152385 1296066241 2.813385
14 30288771320647680 1296056380 2.989583
14 30117284701806593 1296015494 2.778980
14 30047886926422016 1295998949 2.813385
14 29796189100576768 1295938939 2.866364
14 29682665305145344 1295911873 2.778980
14 29534919139000321 1295876648 2.906090
14 29170028280549378 1295789651 2.989583
15 31505362200829952 1296346438 7.161624
15 31492804374958080 1296343444 6.221091
15 31416733994590208 1296325307 7.155645
15 31376843642765312 1296315797 6.219146
15 31113111905763328 1296252918 8.587338
15 31095947484200960 1296248826 7.170097
15 31094924623478784 1296248582 7.155645
15 31092567940534272 1296248020 7.165514
15 31058717545861121 1296239949 7.239680
15 31041673500819457 1296235886 6.225872
15 30777779322626048 1296172969 7.155645
15 30757067866247168 1296168031 7.161624
15 30664743559634946 1296146019 7.155645
15 30603946338820096 1296131524 7.155645
15 30594016185679872 1296129156 7.161624
15 30577181440606208 1296125142 7.161624
15 30569506103369728 1296123312 7.161624
15 30550587091193857 1296118802 7.822084
15 30515328043712514 1296110395 6.845811
15 30513538824933376 1296109969 8.513172
15 30443347399151618 1296093234 7.165514
15 30400911348072448 1296083116 6.224630
15 30330381274189824 1296066301 6.845811
15 30316836625063937 1296063071 6.306170
15 29939909414363137 1295973205 7.165514
15 29933002024812544 1295971558 6.223383
15 29914132471877633 1295967059 6.310060
15 29902259856867328 1295964228 7.161624
15 29777887607394305 1295934576 6.221091
15 29735487748964353 1295924467 6.219146
15 29609380424974336 1295894401 7.145770
15 29579216261488640 1295887209 7.842844
15 29574663784890368 1295886123 6.310060
15 29536769225527296 1295877089 7.165514
15 29511281715191808 1295871012 7.254483
15 29343443570393089 1295830996 7.155645
15 29334952973701120 1295828972 7.161624
15 29209614289473538 1295799089 7.165514
15 29160099050168320 1295787284 7.170097
15 29154920535953408 1295786049 6.226447
15 29138059639398400 1295782029 7.161624
16 29585186899365888 1295888632 6.976170
16 29562384699891712 1295883196 2.190513
16 29561207845289984 1295882915 2.608685
16 29551464045092864 1295880592 2.102779
16 29545619819339776 1295879199 2.190513
16 29534919139000321 1295876648 2.906090
16 29510228135378944 1295870761 2.190513
16 29499665804173312 1295868243 2.098195
16 29497010595831808 1295867610 2.098195
16 29485444404092928 1295864852 2.098195
16 29483905694310400 1295864485 2.196491
16 29483529406517248 1295864395 2.608685
16 29442403022667776 1295854590 2.608685
16 29421932147376128 1295849709 2.608685
16 29412785569927168 1295847529 2.196491
16 29403603596742656 1295845340 2.190513
16 29384401158676481 1295840761 2.721068
16 29373310793949184 1295838117 2.196491
16 29367155296305153 1295836650 2.190513
16 29350697359118337 1295832726 2.102779
16 29337625621954560 1295829609 2.608685
16 29307408438272001 1295822405 2.102779
16 29281790648651776 1295816297 2.603747
16 29262734541463552 1295811754 2.608685
16 29257290347454464 1295810456 2.608685
16 29243845090746368 1295807250 2.608685
16 29231124743983104 1295804217 2.611674
16 29204783906693121 1295797937 2.608685
16 29197223988305921 1295796135 2.608685
16 29186022642286592 1295793464 2.105274
16 29181912522162176 1295792484 2.608685
16 29170028280549378 1295789651 2.989583
16 29153539875934208 1295785720 2.613619
16 29124561568014336 1295778811 2.098195
16 29122318399700992 1295778276 2.200381
16 29045445225349120 1295759948 2.102779
16 29036108490735616 1295757722 2.608685
16 28990690692173824 1295746893 2.190513
16 28970583484010496 1295742100 2.611674
17 32876379292827648 1296673314 5.964930
17 32873553686700032 1296672640 5.970908
17 32872617379627008 1296672417 6.637733
17 32871838174416897 1296672231 10.995846
17 32870901015912448 1296672008 5.964930
17 32868511059542016 1296671438 5.955054
17 32863779674923008 1296670310 6.647609
17 32858948113530880 1296669158 5.964930
17 32479174086107136 1296578613 6.653587
17 32451691819311104 1296572060 5.603955
17 32439509824045058 1296569156 5.602708
17 32259248884817921 1296526178 5.603955
17 32239927320121344 1296521572 5.602708
17 31998002369396736 1296463892 5.602708
17 31857637461073920 1296430427 5.602708
17 31766093781676032 1296408601 5.602708
17 31689817016242176 1296390415 5.602708
17 31687130690359296 1296389775 5.603955
17 31619475593764864 1296373645 5.602708
17 31492747856707584 1296343430 5.602708
17 31484243804684288 1296341403 6.647609
17 31378309619126272 1296316146 5.602708
17 31331279676903424 1296304933 7.018055
17 31073448058953728 1296243461 5.602708
17 30887366201704448 1296199096 5.605197
17 30855789262409728 1296191568 5.974798
17 30743304991674368 1296164749 5.602708
17 30726876070678529 1296160832 5.604708
17 30467986783469568 1296099108 6.286791
17 30276474531479552 1296053448 5.602708
17 30244496885157888 1296045824 5.600416
17 30157082531467264 1296024983 6.647609
17 30136205366534144 1296020005 5.602708
17 29871289338429440 1295956845 5.600416
17 29717585696137216 1295920199 5.602708
17 29717584253288448 1295920198 5.602708
17 29685388360556544 1295912522 5.603955
17 29676481558880256 1295910399 5.974798
17 29564070147391489 1295883598 6.281853
17 29428148890238976 1295851192 5.602708
17 29319437861523456 1295825273 5.603955
17 29212811036983297 1295799851 5.602708
17 29021768819671041 1295754303 5.602708
18 30188073790742528 1296032372 11.440842
18 30143667016568832 1296021784 5.253407
18 30118844534104064 1296015866 5.086535
18 30111525255520257 1296014121 5.086535
18 30079927596351488 1296006588 6.235713
18 30062743306379264 1296002491 5.030342
18 30022296294920193 1295992847 5.250074
18 29978589168410624 1295982427 5.092513
18 29967926379421696 1295979885 5.092513
18 29964583695294464 1295979088 7.841126
18 29963346505633792 1295978793 6.549839
18 29937368676962304 1295972599 6.344439
18 29936182334849027 1295972316 6.451072
18 29934932356767745 1295972018 5.694953
18 29917471569879040 1295967855 6.188616
18 29881304266833921 1295959232 6.344439
18 29841083886206976 1295949643 5.040218
18 29837548234743809 1295948800 5.040218
18 29720988102955008 1295921010 6.334571
18 29720850190045184 1295920977 5.014351
18 29709427045040128 1295918254 5.046196
18 29678100392452096 1295910785 6.334571
18 29660679988314113 1295906631 5.694953
18 29616445939781632 1295896085 5.694953
18 29582640059252736 1295888025 5.090543
18 29539195265490944 1295877667 6.353023
18 29519728783396864 1295873026 6.451072
18 29499441421488128 1295868189 5.046196
18 29471305610825728 1295861481 6.535922
18 29470852693098497 1295861373 6.560518
18 29444835916124160 1295855170 5.054669
18 29438268416204800 1295853604 6.344439
18 29433609945350144 1295852494 5.699887
18 29374615570620416 1295838428 5.030342
18 29372322523648000 1295837882 6.378630
18 29356433623490560 1295834093 6.334571
18 29248037750571008 1295808250 7.019936
18 29231796319162368 1295804378 6.344439
18 29194584152088576 1295795505 5.040218
18 29170194664394752 1295789691 6.340549
18 29132746697744384 1295780762 6.415980
18 29092293596151808 1295771117 6.344439
18 29077028414160896 1295767478 5.030342
18 29056487741460480 1295762581 6.340549
18 28979139264389121 1295744139 5.050086
19 34754540519563264 1297121102 9.748387
19 34663781808357376 1297099464 9.748387
19 34634409118269440 1297092461 9.738520
19 34619735081488384 1297088962 9.738520
19 34046080261824512 1296952192 11.541656
19 33690022972497920 1296867302 9.738520
19 33599468855107585 1296845712 9.744497
19 33408896349511680 1296800276 9.738520
19 33188392669810688 1296747704 9.748387
19 33103475013324800 1296727458 9.748387
19 33037079541714944 1296711628 9.738520
19 33013634716139520 1296706038 9.748387
19 32958185207758849 1296692818 9.738520
19 32914488239857664 1296682400 9.738520
19 32888100904501248 1296676108 9.748387
19 32864634478272512 1296670514 11.535821
19 32853964890308608 1296667970 9.728644
19 32835054786842625 1296663461 9.748387
19 32579076275306496 1296602431 11.552273
19 32564080212443137 1296598856 8.190170
19 32550327760723968 1296595577 12.219172
19 32546986045476864 1296594780 9.738520
19 32505923503128576 1296584990 9.752972
19 32504904018829313 1296584747 8.186280
19 32504562904465408 1296584666 9.748387
19 32503415393226752 1296584392 8.190170
19 32490702772379648 1296581361 9.748387
19 32486048210616320 1296580252 9.752972
19 32484593747623936 1296579905 9.738520
19 32463115903836160 1296574784 11.548532
19 32417164015177728 1296563828 9.748387
19 32403820008968192 1296560647 11.541656
19 32342810979999744 1296546101 11.526854
19 32324277558575104 1296541682 11.541656
19 32323055535525888 1296541391 10.420963
19 32322298098749440 1296541211 9.728644
19 32193817339760640 1296510578 9.748387
19 32189317849808896 1296509506 9.744497
19 32146780384661505 1296499364 9.738520
19 32131975473012736 1296495834 9.738520
19 32129382935957504 1296495216 9.748387
19 31018698110148608 1296230408 11.548532
19 29648841024208896 1295903809 8.186280
19 29505153044324352 1295869551 9.738520
20 33892279282302977 1296915523 11.905197
20 33114843795951616 1296730168 11.523520
20 32865855435968512 1296670805 10.218203
20 31948737517453312 1296452147 10.211327
20 31239414566879232 1296283031 10.211327
20 31231112307023873 1296281052 11.920012
20 31207938504790017 1296275527 11.508705
20 31188503425449985 1296270893 11.523520
20 31125701058895874 1296255920 11.508705
20 31114540473122816 1296253259 10.211327
20 31102558395170816 1296250402 11.523520
20 31102256325599233 1296250330 11.508705
20 31085134354583552 1296246248 10.218203
20 31043176684851200 1296236244 12.832778
20 31035749952397312 1296234474 11.523520
20 31023837533446146 1296231633 11.523520
20 31017281295224833 1296230070 11.523520
20 31012699076825088 1296228978 11.523520
20 30994784835346432 1296224707 11.523520
20 30994775033257984 1296224704 11.523520
20 30986955508424704 1296222840 11.523520
20 30986944829718528 1296222838 11.523520
20 30981156392402944 1296221457 11.508705
20 30727342653444098 1296160944 10.218203
20 30376183363280898 1296077221 10.218203
20 30274668183166977 1296053018 10.863226
20 30261187492978688 1296049803 12.211309
20 30087830369734656 1296008472 11.523520
20 30075063562670080 1296005428 10.218203
20 30045074263908352 1295998278 10.848413
20 30021228290904064 1295992593 11.523520
20 30009328891076609 1295989756 11.523520
20 29960212014174208 1295978045 10.211327
20 29942015110160384 1295973707 10.848413
20 29906116062220290 1295965148 12.844734
20 29892534008287232 1295961910 10.211327
20 29889129990848512 1295961098 10.211327
20 29853985930219520 1295952719 13.499478
20 29789941277925376 1295937450 11.523520
20 29674244312928256 1295909865 10.863226
21 31018836186628097 1296230441 9.908436
21 30850469203025920 1296190299 9.908436
21 30817677584900096 1296182481 9.908436
21 30787730694733825 1296175341 10.563382
21 30785187646279681 1296174735 10.563382
21 30784884444237826 1296174663 10.563382
21 30773099582464000 1296171853 9.914270
21 30769661930905601 1296171033 9.908436
21 30764163454214144 1296169722 10.572350
21 30015603104284672 1295991252 10.563382
21 29985282845581312 1295984023 11.161282
21 29964806458970112 1295979141 9.914270
21 29950724490133505 1295975783 10.599651
21 29873701256167424 1295957420 9.914270
21 29816837160046592 1295943862 10.590684
21 29790248124813313 1295937523 9.914270
21 29671069405151232 1295909108 10.958910
21 29642099909468160 1295902202 9.908436
21 29622817754447872 1295897604 13.452971
21 29618175553306624 1295896497 9.908436
21 29613409045577729 1295895361 10.605486
21 29612419269525504 1295895125 13.445192
21 29610928903299072 1295894770 13.445192
21 29609861318705153 1295894515 13.445192
21 29609494350663680 1295894428 9.908436
21 29607809540685824 1295894026 9.914270
21 29606637102702593 1295893747 13.445192
21 29605434390220800 1295893460 9.908436
21 29603581250244608 1295893018 9.908436
21 29602991661125632 1295892877 13.433235
22 32484823834562560 1296579960 8.161240
22 32429779869245440 1296566836 8.152765
22 32282022927925248 1296531608 8.156655
22 32275892562567168 1296530147 12.491701
22 32256116758945792 1296525432 8.161240
22 32235353691660289 1296520481 8.803894
22 32234597613834241 1296520301 8.152765
22 32228931012657154 1296518950 12.475248
22 32219487591735296 1296516699 12.466282
22 32217206758576128 1296516155 8.152765
22 32206030679056385 1296513490 8.156655
22 32201682758672384 1296512454 8.156655
22 32196934097707008 1296511321 8.161240
22 32196883719921664 1296511309 8.152765
22 32188504712683520 1296509312 8.156655
22 32181931550441472 1296507745 8.803894
22 32181366418313216 1296507610 8.156655
22 32179937515409408 1296507269 9.980171
22 32179400665473024 1296507141 8.161240
22 32176468926660608 1296506442 8.156655
22 32175097703829504 1296506115 10.677574
22 32175018792325120 1296506096 12.481083
22 32174541832720384 1296505983 9.980171
22 32173003508813824 1296505616 12.466282
22 32171528254660608 1296505264 8.156655
22 32170314901233664 1296504975 12.481083
22 32170108776357888 1296504926 8.156655
22 32169956334370816 1296504889 12.475248
22 32166220039983104 1296503999 8.152765
22 32071013088890880 1296481300 8.152765
22 31701558517301248 1296393215 12.466282
22 31398456648015872 1296320950 8.161240
22 31394716490661888 1296320058 8.161240
22 31212897677873152 1296276709 8.156655
22 30896701615116288 1296201322 8.156655
22 30722000636878848 1296159670 8.156655
23 35047250950361089 1297190890 8.317764
23 34773103301107712 1297125528 6.444582
23 34763798942322688 1297123310 8.298021
23 34755971859357697 1297121444 8.317764
23 34744935773118464 1297118812 8.322348
23 34678263892680704 1297102917 7.129712
23 34671659365437440 1297101342 7.129712
23 34671660812468224 1297101342 7.124774
23 34444315899985920 1297047139 8.313875
23 34403311411007488 1297037363 6.445829
23 34080830133379072 1296960477 8.322348
23 33631021220110336 1296853234 8.307897
23 33476555191615488 1296816407 8.322348
23 33180961285873664 1296745932 6.444582
23 33011776777883648 1296705595 8.313875
23 32970564121395200 1296695769 8.307897
23 32901914211389440 1296679402 8.296678
23 32865219659177984 1296670653 6.447071
23 32759096687984640 1296645351 6.445829
23 32720723646619649 1296636203 8.317764
23 32690962161467392 1296629107 7.134646
23 32617009619402752 1296611475 6.444582
23 32526245866508288 1296589835 7.132701
23 32277226036658176 1296530465 10.176185
23 32166459366969345 1296504056 8.317764
23 32150785483612161 1296500319 8.298021
23 31716826710802432 1296396855 8.911959
23 31714148870004736 1296396216 6.444582
23 31569925961154560 1296361831 8.317764
23 31126517996064769 1296256114 6.445829
23 30964144417021952 1296217401 6.444582
23 30839789460660224 1296187753 6.447647
23 30692963696779264 1296152747 8.921834
23 30601840500408320 1296131021 8.302656
23 30599622661505024 1296130493 8.311130
23 30464724609007616 1296098331 8.298021
23 30438372140908544 1296092048 6.445829
23 30411061693784065 1296085536 8.317764
23 30409588855545856 1296085185 6.445829
23 30317201621778432 1296063158 8.307897
23 29626342530088960 1295898445 8.317764
23 29595313069105153 1295891047 8.302656
23 29590738727600128 1295889956 8.296678
23 29340097937670144 1295830199 8.911959
24 35020488887508992 1297184509 5.163927
24 34978936819548161 1297174603 5.157051
24 34906443610062848 1297157319 5.151217
24 34784437526855680 1297128230 5.151217
24 34734420598464513 1297116305 5.163927
24 34706835789324288 1297109729 5.157051
24 34697350811226112 1297107467 5.157051
24 34669638520406016 1297100860 5.157051
24 34650033022308352 1297096186 5.157051
24 34646404349562880 1297095321 6.833644
24 34631454545678336 1297091756 6.168808
24 34526497087684608 1297066733 5.701956
24 34518627260567552 1297064856 5.163927
24 34508944709787649 1297062548 5.151217
24 34495093771747328 1297059245 6.168808
24 34481939838672896 1297056109 5.701956
24 34467610309435392 1297052693 6.168808
24 34459879930470400 1297050850 5.157051
24 34456190230462464 1297049970 5.157051
24 34448098147180544 1297048041 5.157051
24 34423256077312000 1297042118 5.152194
24 34417592630255616 1297040768 5.157051
24 34408706607157248 1297038649 5.143935
24 34399893007110144 1297036548 6.168808
24 34397328915968000 1297035936 5.151217
24 34393721168470017 1297035076 6.818830
24 34392987211399169 1297034901 5.157051
24 34391978926030848 1297034661 5.151217
24 34390242538561536 1297034247 5.145779
24 34389740572647424 1297034127 5.157051
24 34387661082853376 1297033631 6.177775
24 34387266558365696 1297033537 5.151217
24 34385815979302912 1297033192 5.157051
24 34374988265947136 1297030610 5.792273
24 34372382776889344 1297029989 5.701956
24 34362309526691840 1297027587 5.151217
24 33667851533418497 1296862015 6.168808
24 33597247346180096 1296845182 5.594288
24 33412514821849088 1296801138 5.143935
24 31068670859939840 1296242323 5.157051
24 30917795394883584 1296206351 5.142249
24 29924276639367168 1295969478 5.157051
24 29419340667289600 1295849092 5.157051
24 29259834427711488 1295811062 5.157051
24 29202473931513856 1295797386 5.157051
25 33198317529735169 1296750070 7.949671
25 33188358729506816 1296747695 7.949671
25 33174905985957888 1296744488 7.964123
25 33132371133861888 1296734347 7.949671
25 33013833563897856 1296706085 6.050893
25 32955753920733184 1296692238 7.964123
25 32864814447460352 1296670557 7.955649
25 32840409264689153 1296664738 7.949671
25 32740126257844224 1296640829 6.055827
25 32716620598091776 1296635224 6.055827
25 32685391781830656 1296627779 8.013156
25 32649534156836864 1296619230 6.050893
25 32609015158542336 1296609569 10.605743
25 32569953873825792 1296600256 6.050893
25 32564097077739520 1296598860 6.050893
25 32560154188713984 1296597920 7.949671
25 32551173739249664 1296595779 7.959538
25 32534533177872385 1296591811 6.055827
25 32528974961713152 1296590486 8.017046
25 32527914905894912 1296590233 6.055827
25 32294872501190658 1296534672 7.955649
25 32255821333143552 1296525361 7.949671
25 32115887939002370 1296491999 7.949671
25 32108003058524160 1296490119 7.949671
25 31823291815567361 1296422238 10.605743
25 31773184512495616 1296410292 7.955649
25 31749319115673600 1296404602 7.939795
25 31740703860072448 1296402548 6.050893
25 31738694356434944 1296402069 10.611578
25 31550836899323904 1296357280 10.611578
25 31406929536356352 1296322970 10.618454
25 31320463862931456 1296302355 8.024124
25 31286354960715777 1296294222 10.611578
25 31231013526966272 1296281028 7.964123
25 30767638397321217 1296170551 7.949671
25 30473143420190720 1296100338 6.055827
25 30291156893962240 1296056949 7.949671
25 29993056316948480 1295985876 7.959538
25 29896576746917888 1295962874 6.050893
25 29860294255710208 1295954223 7.949671
25 29735404542369793 1295924447 7.949671
25 29650648924422144 1295904240 7.949671
25 29589546056294401 1295889672 6.055827
25 29272195377139712 1295814009 7.959538
26 33527910379814912 1296828651 5.343191
26 33526199896514560 1296828243 5.338253
26 33521503723061248 1296827123 5.110404
26 33518331759697920 1296826367 5.104426
26 33291305136160768 1296772240 5.114294
26 33195931587321856 1296749501 5.343191
26 33193996503228416 1296749040 5.343191
26 33177836948819969 1296745187 5.104426
26 33170864753090561 1296743525 5.346180
26 33170854179246081 1296743522 5.346180
26 33170849318051840 1296743521 5.346180
26 33161061280514048 1296741187 5.104426
26 33160731314618368 1296741109 5.104426
26 33160336982941697 1296741015 5.104426
26 33160338631299073 1296741015 5.104426
26 33160332792827904 1296741014 5.104426
26 33160334923538433 1296741014 5.104426
26 32924926147035136 1296684888 5.343191
26 32911735597826048 1296681743 5.110404
26 32617804536487936 1296611665 5.104426
26 32546521291431937 1296594670 5.104426
26 32470391888809984 1296576519 5.343191
26 32181226907373568 1296507577 5.114294
26 32169058711371776 1296504675 5.343191
26 32156813214359553 1296501756 5.346180
26 31720687227895808 1296397775 5.346180
26 30912406037204992 1296205066 5.343191
26 30863974702518272 1296193519 5.343191
26 30840463606943745 1296187914 5.343191
26 30800937832415232 1296178490 5.346180
26 30799946957455360 1296178254 5.346180
26 30645832151728128 1296141510 5.104426
26 30623689372340224 1296136231 5.114294
26 30623517682704385 1296136190 5.104426
26 30241841114779648 1296045191 5.343191
26 30193139981484032 1296033580 5.343191
26 30146920135532544 1296022560 5.114294
26 30110816866930688 1296013952 5.343191
26 30106651344244736 1296012959 5.114294
26 30094802171199491 1296010134 5.343191
26 29981936453689344 1295983225 5.346180
26 29962810603601920 1295978665 5.343191
26 29940520516063232 1295973351 5.343191
26 29346379579006976 1295831696 5.346180
26 29263476715159553 1295811931 5.104426
26 29259665913151488 1295811022 5.343191
27 33295405353533440 1296773217 6.254554
27 33201571604987904 1296750846 6.260532
27 33148656601272320 1296738230 5.664363
27 32926195494420480 1296685191 6.264421
27 32890643206373376 1296676715 8.130655
27 32884901388754944 1296675346 6.254554
27 32623902945447936 1296613119 12.576646
27 32622885445042176 1296612876 6.264421
27 32600559919828992 1296607553 6.910685
27 32281958608277504 1296531593 5.665610
27 32155789598658560 1296501512 8.130655
27 31966227521867776 1296456317 6.254554
27 31945600106762240 1296451399 6.264421
27 31944049254469632 1296451029 11.911691
27 31766044116783104 1296408589 5.665610
27 31411367932067840 1296324028 6.254554
27 31243779268677632 1296284072 6.254554
27 31103703117209600 1296250675 6.260532
27 31018159435681792 1296230280 6.254554
27 30986863342784513 1296222818 6.260532
27 30975426176221184 1296220091 6.910685
27 30856703188668416 1296191785 6.254554
27 30739515865825280 1296163846 6.348556
27 30726801869250560 1296160815 9.454019
27 30648776091766785 1296142212 6.260532
27 30642103809736704 1296140621 11.896877
27 30386208035049472 1296079611 9.448040
27 30335672032169985 1296067562 8.770941
27 30330644261244928 1296066363 6.254554
27 30298136509419520 1296058613 6.254554
27 30255485806448641 1296048444 6.254554
27 30104138809348096 1296012360 6.264421
27 30030351812268032 1295994768 5.664363
27 29859015223681024 1295953918 9.448040
27 29593306556014593 1295890568 9.448040
27 29533665490903040 1295876349 5.664363
27 29528564621647872 1295875133 5.665610
27 29494814101733376 1295867086 5.664363
27 29493714686582784 1295866824 6.264421
27 29250147951054848 1295808753 6.264421
27 29242809261228032 1295807003 9.464987
27 28981664289914880 1295744741 5.664363
28 30396111764066304 1296081972 6.595476
28 30390239755239424 1296080572 4.199026
28 30361466494263296 1296073712 4.599531
28 30356287451566080 1296072477 6.580674
28 30320827475959809 1296064023 4.199026
28 30227029563543552 1296041660 4.199026
28 30224541766651904 1296041066 4.786204
28 30116941318332416 1296015413 3.713972
28 30112970960797696 1296014466 4.208740
28 30089225944698880 1296008805 4.594594
28 30081248034553856 1296006903 4.106723
28 30074303412174848 1296005247 4.202014
28 29921288269070336 1295968765 4.202014
28 29765417547333632 1295931603 4.194088
28 29735176531611648 1295924393 4.199026
28 29702271725993984 1295916548 4.199026
28 29694298886770688 1295914647 4.199026
28 29652518778707969 1295904686 4.194088
28 29619602057068544 1295896838 4.199026
28 29619581458849792 1295896833 4.202014
28 29619583744741376 1295896833 4.199026
28 29619564652265472 1295896829 4.199026
28 29551084796121088 1295880502 4.199026
28 29525500988760064 1295874402 6.580674
28 29432437436059648 1295852214 4.199026
28 29368019922718721 1295836856 4.202014
28 29351548660228096 1295832929 4.199026
28 29351342627618816 1295832880 4.199026
28 29341313220476929 1295830488 4.202014
28 29339712648908800 1295830107 4.199026
28 29336484775460864 1295829337 4.202014
28 29335042366906370 1295828993 4.199026
28 29335017922502657 1295828987 4.599531
28 29333600432295936 1295828649 4.884724
28 29332379411685376 1295828358 4.199026
28 29327417629741056 1295827175 6.580674
28 29306443811258368 1295822175 4.193041
28 29303621862559744 1295821502 6.602351
28 29249663391502336 1295808637 6.595476
28 29221117554065408 1295801831 7.259089
28 29220639558602752 1295801718 6.595476
28 29177818524942336 1295791508 6.580674
28 29149399573598208 1295784733 3.713972
28 29071909329051648 1295766257 4.202014
28 28966277250813952 1295741073 4.203959
29 34677880608788480 1297102825 5.670669
29 34671454071160832 1297101293 6.342279
29 34644477629042688 1297094861 6.932020
29 34243909882224640 1296999358 6.342279
29 34045161092681728 1296951973 5.711526
29 34006529661206530 1296942763 6.348258
29 33990778749460480 1296939007 7.018363
29 33950240969068544 1296929342 6.938896
29 33948762376249344 1296928990 6.096429
29 33551660840128512 1296834313 5.206182
29 33512581796728832 1296824996 5.701658
29 33411350726180864 1296800861 5.716110
29 33288531111579649 1296771578 5.680544
29 33271558214524929 1296767532 6.342279
29 33233884216819712 1296758550 6.423689
29 33201084977651712 1296750730 5.680544
29 33142059846074368 1296736657 7.010584
29 33077737648300033 1296721321 6.932020
29 32991191322591233 1296700687 6.917218
29 32941496202170369 1296688839 5.284391
29 32878893287342080 1296673913 6.932020
29 32809271376740353 1296657314 6.926186
29 32707207011246081 1296632980 5.761953
29 32587836385394689 1296604520 6.342279
29 32547066970382338 1296594800 6.917218
29 32425538328989696 1296565825 5.701658
29 32208881048358914 1296514170 5.711526
29 32127345036886017 1296494730 5.783067
29 31670225099300864 1296385744 6.342279
29 31607517834379264 1296370794 6.342279
29 31567521047912449 1296361258 6.926186
29 31246441410203648 1296284706 6.348258
29 31097219763404800 1296249129 6.917218
29 31043724087660544 1296236375 5.206182
29 30941202039701504 1296211932 5.143009
29 30727128735547393 1296160893 7.578954
29 30310664287289344 1296061600 7.557840
29 30064964521697282 1296003020 6.917218
29 29936532865417216 1295972400 5.136133
29 29936456067719168 1295972381 5.136133
29 29588761964707840 1295889485 6.342279
29 29453680751149056 1295857279 6.342279
30 35108366829232128 1297205461 9.460308
30 35100242865029120 1297203524 9.888928
30 35092790660562945 1297201747 10.578537
30 35085871237709824 1297200098 10.798524
30 35044456474349568 1297190224 10.273008
30 35036881632624640 1297188418 9.880061
30 35034192811134976 1297187777 10.263132
30 35034191590592512 1297187776 10.273008
30 35019841169653760 1297184355 9.589377
30 35015006298832897 1297183202 9.593267
30 35008352257974272 1297181616 9.445506
30 34989670014128128 1297177162 10.414445
30 34977744446038016 1297174318 9.583400
30 34952093886320640 1297168203 10.578537
30 34952094221860864 1297168203 10.578537
30 34869477292122112 1297148505 9.595324
30 34829699771269121 1297139022 11.787716
30 34814214983913472 1297135330 10.980821
30 34810964821938176 1297134555 10.273008
30 34808682445275136 1297134011 10.273008
30 34808671800135680 1297134008 10.273008
30 34808587465261056 1297133988 10.273008
30 34808563134103553 1297133982 10.278986
30 34799052138741760 1297131715 9.589346
30 34798383809957888 1297131555 9.894875
30 34738387298557952 1297117251 10.117883
30 33506648366522368 1296823582 10.278986
30 32816076148445185 1296658936 10.108915
30 30921939086213120 1296207339 10.273008
30 30800324566450177 1296178344 9.589346
30 30231246747471872 1296042665 9.595324
30 30032804997758977 1295995353 10.578537
30 29885743832760320 1295960291 9.589346
30 29840154139033600 1295949421 9.589346
30 29725927323738112 1295922188 9.660743
30 29588435576561664 1295889407 10.278986
30 29579375242379265 1295887247 9.589377
30 29549798671515648 1295880195 10.578537
30 29544906452111360 1295879029 9.888928
30 29478193383604224 1295863123 10.278986
30 29470666637967360 1295861329 10.273008
30 29469902117011456 1295861146 10.273008
30 29389974885371904 1295842090 9.589346
30 29319573199126528 1295825305 9.595324
30 29126743709188096 1295779331 9.583400
30 29112447222685698 1295775922 10.273008
30 29104614473211904 1295774055 10.278986
30 28981666257047552 1295744742 9.460308
31 33445664922800129 1296809042 10.674515
31 33396269518950400 1296797265 9.984015
31 33300160779911168 1296774351 8.189690
31 33190816725868545 1296748282 6.237094
31 32775356918267904 1296649228 7.210984
31 32669778837504000 1296624056 8.189690
31 32619250770247683 1296612010 6.233204
31 32545752425168896 1296594486 6.233204
31 32544463398117376 1296594179 6.237094
31 32516849639886848 1296587595 6.241677
31 32507484807630848 1296585362 8.867332
31 32504714952183808 1296584702 6.237094
31 32422567696408576 1296565117 6.237094
31 32196663628005376 1296511257 6.237094
31 32145000863105025 1296498940 6.244172
31 31917669590499328 1296444740 8.179822
31 31796313959960576 1296415806 6.233204
31 31766112911753216 1296408606 6.233204
31 31622888691867648 1296374458 7.528669
31 31586334455894016 1296365743 9.548552
31 31553736845295616 1296357971 6.237094
31 31478469137276930 1296340026 6.237094
31 31372261772500992 1296314704 8.185801
31 31036547214086144 1296234664 6.237094
31 31029975851208704 1296233097 6.244172
31 30581469411803137 1296126165 6.241677
31 30526264926281728 1296113003 9.984015
31 30422657912545280 1296088301 6.233204
31 30357881400332290 1296072857 8.179822
31 30091526751125504 1296009353 6.244172
31 30080650849554432 1296006760 6.241677
31 30060235108392960 1296001893 6.241677
31 29950585696419840 1295975750 8.179822
31 29924635386576896 1295969563 6.237094
31 29906503271981056 1295965240 8.185801
31 29713261549068288 1295919168 6.233204
31 29631889320968192 1295899767 7.522691
31 29583424738033664 1295888212 8.179822
31 29528213755531265 1295875049 11.961013
31 29284475003211776 1295816937 8.179822
31 29284379284996096 1295816914 8.179822
31 29069926312443905 1295765785 6.227225
32 31410038882959360 1296323711 6.102002
32 30695107535577088 1296153258 6.059538
32 30622841548308481 1296136029 6.102002
32 30573254447988736 1296124206 6.122985
32 30390319602204672 1296080591 6.059538
32 30384749956567040 1296079263 6.102002
32 30291329812529152 1296056990 6.102002
32 30263062732738560 1296050251 6.071495
32 30259518004789248 1296049405 6.152244
32 30229685015154688 1296042293 6.961205
32 30220448226607104 1296040090 6.235441
32 30201835151163393 1296035653 6.192732
32 30172980738785280 1296028773 6.071495
32 30150787321565184 1296023482 6.521288
32 30147034153484288 1296022587 6.606485
32 30133027187204096 1296019248 6.102002
32 30106968714645504 1296013035 6.059538
32 30096635174326272 1296010571 6.152244
32 30092083607904257 1296009486 6.102002
32 30090908544274432 1296009206 6.102002
32 30089988540473345 1296008986 6.059538
32 30089032520179712 1296008759 6.059538
32 30089000043675648 1296008751 6.140947
32 30071940282589184 1296004683 6.102002
32 29955333547884545 1295976882 6.102002
32 29886388778311680 1295960445 6.142736
32 29805972104937472 1295941272 6.142736
32 29803367739949056 1295940651 6.142736
32 29803368142602240 1295940651 6.142736
32 29803359837880320 1295940649 6.142736
32 29803356406939649 1295940648 6.142736
32 29803353538039808 1295940647 6.142736
32 29803353957466114 1295940647 6.142736
32 29803327688544257 1295940641 6.142736
32 29796355127906304 1295938979 6.142736
32 29796355819966465 1295938979 6.142736
32 29748264886607872 1295927513 6.102002
32 29643348201443328 1295902499 6.235441
32 29639693498847233 1295901628 6.225797
32 29547173129490432 1295879569 6.102002
32 29538295306264577 1295877453 6.059538
32 29536476286943232 1295877019 6.506544
32 29187415625170944 1295793796 7.058991
32 29179862853881856 1295791996 6.162472
32 29010511072862208 1295751619 6.766242
33 30708594202648576 1296156474 18.404627
33 30650478056448000 1296142618 4.892583
33 30646700901146626 1296141717 8.163363
33 30569388008538112 1296123284 8.167599
33 30489000338784256 1296104118 4.744092
33 30352346353500160 1296071537 4.889594
33 30342965020856320 1296069301 5.777684
33 30335800193323010 1296067593 5.786158
33 30304118081851392 1296060039 5.143174
33 30292051752914944 1296057162 5.771706
33 30174412481232896 1296029115 4.889594
33 30168998976950272 1296027824 5.928883
33 30103400033030144 1296012184 5.145119
33 30084385738850304 1296007651 8.167599
33 30028479651119104 1295994322 4.746037
33 30022191554764802 1295992822 5.786158
33 30010075632369664 1295989934 5.143687
33 29964270447894528 1295979013 5.924993
33 29924642726608896 1295969565 4.462527
33 29905682048229376 1295965044 5.140185
33 29894910819704832 1295962476 4.462527
33 29880307704401920 1295958995 4.463102
33 29880212883771392 1295958972 4.462527
33 29872289302454272 1295957083 5.140185
33 29834964396670976 1295948184 4.889594
33 29763128816308224 1295931057 4.462527
33 29688639214592002 1295913297 6.381557
33 29679653291565056 1295911155 4.462527
33 29659593030242304 1295906372 12.619164
33 29645987177824257 1295903128 5.135247
33 29607084152586240 1295893853 5.777684
33 29602995834454016 1295892878 18.404627
33 29446171760005120 1295855489 5.777684
33 29426323910823937 1295850756 4.744092
33 29373541111570432 1295838172 6.381557
33 29320995131097088 1295825644 4.889594
33 29255276477554689 1295809976 6.381557
33 29252697924313088 1295809361 5.135247
33 29248942055100416 1295808465 4.463102
33 29242240354226177 1295806868 4.892583
33 29225721054371840 1295802929 4.894527
33 29206833101017088 1295798426 4.892583
33 29195955517526016 1295795832 12.619164
33 29093361818279936 1295771372 4.892583
33 28986915885686784 1295745993 4.462527
33 28973507454967808 1295742797 5.140185
34 33562376829665280 1296836868 10.318701
34 33550725875245056 1296834091 10.318701
34 33523197995384833 1296827527 10.314811
34 33461777790406657 1296812884 10.318701
34 33446668816875520 1296809281 10.323284
34 33344700001820672 1296784970 10.314811
34 33228657443090432 1296757303 10.318701
34 33225588730757120 1296756572 10.318701
34 33101110407331840 1296726894 10.314811
34 33044127423664129 1296713308 10.323284
34 33022351985614848 1296708116 10.318701
34 32990015533359104 1296700407 10.308832
34 32988880349175808 1296700136 15.048465
34 32835618153168896 1296663596 15.054299
34 32824614375653376 1296660972 15.061174
34 32722720634441729 1296636679 10.308832
34 32714279052386304 1296634666 10.318701
34 32704325104963584 1296632293 10.325779
34 32666646996844544 1296623310 10.327284
34 32590493133049856 1296605153 11.213923
34 32559316766556160 1296597720 10.308832
34 32517431654092800 1296587734 10.318701
34 32455126887178241 1296572879 10.308832
34 31949374779035648 1296452299 15.039497
34 31699819923767296 1296392800 11.199471
34 31494358188425218 1296343814 10.318701
34 31341320819712000 1296307327 10.308832
34 31167104564596736 1296265791 10.318701
34 30809053655470080 1296180425 10.314811
34 30547665477443584 1296118105 10.308832
34 30505402755981312 1296108029 10.323284
34 30362384291856384 1296073931 10.314811
34 30134932143603712 1296019702 10.318701
34 30126419031891968 1296017672 11.683678
34 30084940368453632 1296007783 15.024684
34 30081100680269824 1296006867 10.308832
34 29879089397506048 1295958704 11.209339
34 29727115012218880 1295922471 10.318701
34 29687642337579008 1295913060 10.325779
34 29687259007553536 1295912968 10.308832
34 29385533499121665 1295841031 10.308832
34 29168285064888320 1295789235 10.314811
35 29437816727404544 1295853497 7.561420
35 29433505029033984 1295852469 4.143979
35 29382334985805824 1295840269 4.143979
35 29369375697932289 1295837179 4.143979
35 29355674039230464 1295833912 15.070367
35 29345938690539520 1295831591 4.143979
35 29339205846962176 1295829986 7.511936
35 29309071312031744 1295822801 7.514925
35 29292806082134016 1295818923 4.143979
35 29292380406415360 1295818822 4.143979
35 29259226840825858 1295810917 4.143979
35 29219967169732608 1295801557 4.143979
35 29216867772006400 1295800818 4.143979
35 29216222704828417 1295800664 4.143979
35 29208901270380544 1295798919 15.070367
35 29207612411084800 1295798612 4.148271
35 29203288419205122 1295797581 15.763256
35 29203083686842369 1295797532 4.143979
35 29200949302001664 1295797023 4.148271
35 29200271473115136 1295796861 4.143979
35 29185453269721088 1295793328 4.146270
35 29171280074768385 1295789949 4.146270
35 29163567408226305 1295788110 4.148759
35 29140664843247616 1295782650 7.558431
35 29109187019542528 1295775145 4.143979
35 29105101847138304 1295774171 7.565657
35 29095373117063168 1295771852 4.146270
35 29089018561953792 1295770337 16.456135
35 29087268325036032 1295769919 7.516870
35 29066561289457664 1295764982 4.147518
35 29063773822128128 1295764318 4.143979
35 29040534836215808 1295758777 4.824281
35 29023029476466689 1295754604 4.143979
35 29019891822493696 1295753856 7.558431
35 29019891558252544 1295753855 7.558431
35 29012766593384448 1295752157 15.070367
35 29008201873625088 1295751068 4.143979
35 28991749779103744 1295747146 4.143979
35 28988118866591744 1295746280 4.146270
35 28979093978488832 1295744129 8.251321
35 28969422056071169 1295741823 7.558431
35 28967095878287360 1295741268 15.763256
36 29671316328030208 1295909167 10.552358
36 29669552937766912 1295908747 9.911820
36 29662355864428545 1295907031 9.911820
36 29648670563504128 1295903768 9.924697
36 29624567966212096 1295898022 9.922439
36 29624481538379776 1295898001 9.911820
36 29621949403504641 1295897397 9.911820
36 29621049763045377 1295897183 11.906324
36 29620957748396032 1295897161 10.583735
36 29598054659133442 1295891700 11.259953
36 29595502802636801 1295891092 9.918697
36 29593214549753856 1295890546 9.922439
36 29591232598515713 1295890074 10.583735
36 29590567398674432 1295889915 9.905986
36 29585829366071297 1295888786 9.911820
36 29585083291668480 1295888608 9.905986
36 29584238865031169 1295888406 9.922439
36 29580472631689218 1295887508 9.905986
36 29578335377952768 1295886999 9.918697
36 29574238285336576 1295886022 9.911820
36 29573016115478528 1295885731 9.911820
36 29572800243040257 1295885679 9.918697
36 29570991688519681 1295885248 9.905986
36 29568332663361536 1295884614 9.918697
36 29565853112467456 1295884023 9.924697
36 29561700906704896 1295883033 9.918697
36 29561245891825664 1295882924 9.922439
36 29558795399073792 1295882340 10.564270
36 29558785567625217 1295882338 10.564270
36 29556512460382209 1295881796 9.905986
36 29556424489046016 1295881775 9.905986
36 29552834315816960 1295880919 9.905986
36 29549273586606080 1295880070 10.564270
36 29545782658994176 1295879238 10.552358
36 29543769313378304 1295878758 9.911820
36 29542847975792641 1295878538 9.918697
37 33030735342342144 1296710115 5.304679
37 32882695537172480 1296674820 5.973226
37 31999605965062145 1296464275 5.289901
37 31730882402320384 1296400206 5.970237
37 31236798139072513 1296282407 5.970237
37 31020191437557760 1296230764 9.222494
37 30805240047472641 1296179516 9.222494
37 30736561809137664 1296163142 9.212626
37 30658867457167361 1296144618 9.222494
37 30633783929606144 1296138637 10.586670
37 30631645262385152 1296138127 9.903252
37 30604291001556992 1296131606 10.586670
37 30597636172029953 1296130019 5.970237
37 30527265511051264 1296113241 10.586670
37 30527259790020608 1296113240 10.586670
37 30440559504003072 1296092569 5.970237
37 30430799341817857 1296090242 5.970237
37 30308171595649024 1296061005 9.212626
37 30288715846787072 1296056367 9.212626
37 30286636432494593 1296055871 9.222494
37 30262721979092992 1296050169 5.288085
37 30237336381956097 1296044117 5.288085
37 30181261322485760 1296030748 5.973226
37 30181259464413184 1296030747 5.288085
37 30181238492897280 1296030742 5.973226
37 30179593696579584 1296030350 5.970237
37 30163043363069953 1296026404 5.970237
37 30141839524761600 1296021349 5.970237
37 30114345262256128 1296014794 5.288837
37 30085682357604352 1296007960 5.288837
37 30067817382412288 1296003700 5.970237
37 29609129211330560 1295894341 9.229572
37 29597334014787585 1295891528 9.227077
37 29595103634919424 1295890997 5.973226
37 29546810376720386 1295879483 5.970237
37 29524599578304512 1295874187 9.222494
37 29285774025297920 1295817247 5.288085
37 29275053019369472 1295814691 5.973226
37 29234321852211200 1295804980 5.970237
37 29203588412604416 1295797652 5.970237
37 29158862636457985 1295786989 9.212626
37 29128265566261248 1295779694 9.212626
37 29026821307633665 1295755508 5.970237
37 29018577633804288 1295753542 9.227077
37 29007504646078464 1295750902 5.288085
37 29004167586512897 1295750107 9.222494
38 32419560749531136 1296564400 5.973311
38 32207592390402048 1296513863 5.307148
38 32199574848274433 1296511951 5.226764
38 31772901715746816 1296410224 5.307148
38 31751431820156928 1296405105 4.232543
38 31562782507802625 1296360128 5.292347
38 31396975362445313 1296320596 5.214290
38 31359435947376640 1296311646 5.320024
38 31273563319173122 1296291173 5.307148
38 31253061888512000 1296286285 5.292347
38 31246234765230080 1296284657 5.307148
38 31237205229830144 1296282504 5.317766
38 31235417663606784 1296282078 5.364576
38 31220291719925760 1296278472 5.919468
38 31196853986926592 1296272884 5.314024
38 31175267573571584 1296267737 5.307148
38 31109661688074240 1296252095 5.307148
38 31098983220776960 1296249550 5.307148
38 31068649536102400 1296242317 5.379390
38 31057439944089600 1296239645 5.919468
38 31055600443981824 1296239206 5.292347
38 31047354006110208 1296237240 5.388357
38 31040417793310720 1296235586 5.314024
38 31038531149234177 1296235137 5.208312
38 31029504864423936 1296232985 5.314024
38 30998595251478528 1296225615 5.301314
38 30997594171768833 1296225377 5.317766
38 30973853450637314 1296219716 6.006511
38 30967515932790784 1296218205 5.292347
38 30902675474223104 1296202746 5.292347
38 30713349721292800 1296157607 5.218180
38 30558894040289280 1296120782 4.232543
38 30209012393836545 1296037364 4.235532
38 29905283132166145 1295964949 4.232543
38 29902523603091457 1295964291 4.235532
38 29809912905203712 1295942211 4.235532
38 29367743086075904 1295836790 6.051387
38 29143659475632128 1295783364 4.237477
38 29094608151519233 1295771669 4.235532
38 29063483781812225 1295764249 4.306702
39 31052423128686592 1296238449 7.182073
39 31046710490832896 1296237087 7.191941
39 31046627124846593 1296237067 4.927800
39 31046551061139457 1296237049 5.608856
39 31046395154669568 1296237012 7.182073
39 31045661407313920 1296236837 7.182073
39 31044465690939392 1296236552 7.196525
39 31043823626878976 1296236398 5.608856
39 31038184691335168 1296235054 7.182073
39 31031759911002112 1296233522 4.927800
39 31025916150816768 1296232129 4.926552
39 31024270859571200 1296231737 4.926552
39 31020198379130880 1296230766 7.182073
39 31018244877852672 1296230300 4.926552
39 31017979151912960 1296230237 7.188051
39 31017737807462401 1296230179 7.182073
39 31015267429523456 1296229590 7.182073
39 31009999022981120 1296228334 4.926552
39 30973709325963265 1296219682 5.608856
39 30825676131016705 1296184388 4.927800
39 30313830936481793 1296062355 5.608856
39 30182777160728576 1296031109 4.924260
39 29885579021787136 1295960251 4.924260
39 29765410152775680 1295931601 4.926552
39 29691806098657280 1295914052 4.927800
39 29567397245485056 1295884391 4.927800
39 29538399161425920 1295877477 4.927800
39 29537013296267264 1295877147 4.927800
39 29406568613150721 1295846046 4.928552
39 29401574539268098 1295844856 4.928552
40 32174687102435328 1296506017 13.373210
40 32151549245390848 1296500501 6.568012
40 32148820129226752 1296499850 6.802548
40 32117117847339008 1296492292 7.253234
40 32015907240808448 1296468161 7.253234
40 31969304194850816 1296457050 7.253234
40 31828141269848064 1296423394 10.865835
40 31770909693968384 1296409749 7.253234
40 31734665941352448 1296401108 6.565720
40 31679783616118784 1296388023 10.871814
40 31605722814877697 1296370366 6.565720
40 31569527422586881 1296361736 10.875703
40 31511700805001216 1296347949 10.855960
40 31495490482741248 1296344084 6.565720
40 31495254943211520 1296344028 10.855960
40 31433477328994305 1296329299 6.568012
40 31352958876647424 1296310102 7.253234
40 31118331188613120 1296254162 6.565720
40 31103487307681793 1296250623 6.565720
40 31071102256025600 1296242902 6.565720
40 30865819902672896 1296193959 7.498874
40 30830242381701120 1296185477 6.565720
40 30651782480789504 1296142929 6.565720
40 30301253145731072 1296059356 6.565720
40 30300277265408000 1296059123 6.565720
40 30073810464018432 1296005129 6.565720
40 30062538221686784 1296002442 11.562154
40 29896997787926528 1295962974 10.871814
40 29889791659081728 1295961256 10.875703
40 29597810496110592 1295891642 6.565720
40 29570240769695744 1295885069 10.865835
40 29544673739538432 1295878973 10.865835
40 29294490275549184 1295819325 10.865835
40 29241634667364352 1295806723 10.865835
40 29202594006044673 1295797415 6.568012
40 29186470539427841 1295793571 6.565720
40 29164960034594816 1295788442 6.565720
40 29020656456699904 1295754038 10.875703
41 31082325320138752 1296245578 9.902644
41 31025643072258048 1296232064 9.917446
41 30988522697527296 1296223214 9.902644
41 30958344684445696 1296216019 9.911612
41 30932392403275776 1296209831 9.917446
41 30920085753303040 1296206897 9.911612
41 30827839968251905 1296184904 9.902644
41 30653047554179074 1296143230 9.902644
41 30626285319356417 1296136850 9.917446
41 30573952518586368 1296124372 10.596773
41 30523563228266496 1296112359 10.581971
41 30469922777735168 1296099570 9.917446
41 30468942380146688 1296099336 9.902644
41 30351040977047552 1296071226 9.917446
41 30350775070752768 1296071163 9.911612
41 30343979849482240 1296069543 9.924322
41 30324895254585344 1296064993 9.917446
41 30112223842009089 1296014288 9.917446
41 30085399044956160 1296007892 9.917446
41 29996599845322752 1295986721 9.928063
41 29996506652082176 1295986699 9.928063
41 29961878142722048 1295978443 9.917446
41 29889194927071232 1295961114 9.902644
41 29887127068090368 1295960621 9.902644
41 29881885689643008 1295959371 9.917446
41 29857973861879808 1295953670 9.917446
41 29617792286203904 1295896406 9.924322
41 29615600900771840 1295895884 9.902644
41 29586430565023744 1295888929 9.924322
41 29369346358779904 1295837172 9.924322
41 29353207129968641 1295833324 9.911612
41 29311544344969216 1295823391 9.902644
41 29293253480153088 1295819030 9.911612
41 29267269871734784 1295812835 9.928063
41 29240618513342464 1295806481 9.924322
41 29012735488425985 1295752149 9.902644
41 28973080491589632 1295742695 9.917446
42 34714824982134784 1297111633 9.860519
42 34546003663126528 1297071383 7.915321
42 34286616503652352 1297009541 5.768593
42 34237054233751552 1296997724 5.768593
42 34236779087400960 1296997658 5.768593
42 34061118586494976 1296955778 5.769840
42 34055753106984961 1296954498 5.769840
42 34035914615296000 1296949769 5.769840
42 34032543753834496 1296948965 5.770593
42 34015852403621889 1296944985 5.769840
42 34007827584385024 1296943072 6.452957
42 33984226579718144 1296937445 6.452957
42 33977206539550721 1296935771 6.452957
42 33966754916990976 1296933280 5.769840
42 33954067084476416 1296930255 6.452957
42 33661677761335296 1296860544 5.771081
42 33584743698145280 1296842201 5.768593
42 33432213697593344 1296805835 5.768593
42 33238997337645056 1296759769 5.769840
42 33210092274843649 1296752877 5.770593
42 33175043504603136 1296744521 6.452957
42 33155597595578368 1296739885 6.452957
42 33100939791433728 1296726853 5.768593
42 33086182531272704 1296723335 5.768593
42 32549249614876672 1296595320 5.768593
42 32521378003427328 1296588675 5.770593
42 32274200462888960 1296529743 5.768593
42 32157266018836480 1296501864 5.769840
42 32004245221806080 1296465381 5.769840
42 31845385525788672 1296427506 7.915321
42 31840178800697344 1296426264 7.909343
42 31837901637558272 1296425721 7.909343
42 31709369460592640 1296395077 5.769840
42 30729168228450305 1296161379 5.768593
42 30524422741827584 1296112564 6.452957
42 30383238539120640 1296078903 5.768593
42 30333337180569600 1296067005 5.768593
42 30265566115663872 1296050847 5.769840
42 30233611009527808 1296043229 5.769840
42 30225127555727360 1296041206 5.768593
42 30178088004358144 1296029991 5.766301
42 29851927864934400 1295952228 5.766301
42 29678789118136320 1295910949 5.769840
42 29618612432011265 1295896602 5.770593
42 29597823532015616 1295891645 5.769840
42 29517561792045057 1295872509 9.595877
43 31261786745339904 1296288365 13.851320
43 31241976984641536 1296283642 14.522097
43 31198665850753025 1296273316 10.234939
43 31164377784651776 1296265141 13.844445
43 31142236011888640 1296259862 10.234939
43 31131426938163201 1296257285 10.234939
43 31120562348625920 1296254694 18.357187
43 31118649196544000 1296254238 11.114074
43 31029060939288577 1296232879 13.844445
43 30857362889777152 1296191943 13.829643
43 30824505316220928 1296184109 13.844445
43 30730275864449024 1296161643 13.844445
43 30644440372617216 1296141178 11.111580
43 30625441823858689 1296136648 13.844445
43 30522653617954816 1296112142 13.844445
43 30473698460827648 1296100470 13.844445
43 30440992809156608 1296092672 13.814830
43 30431589796151296 1296090431 13.829643
43 30423152232235008 1296088419 13.829643
43 30410847616499712 1296085485 13.844445
43 30410427095588864 1296085385 13.844445
43 30402208474333184 1296083426 13.829643
43 30394202042925056 1296081517 13.829643
43 30392325846859776 1296081069 13.814830
43 30383332999036929 1296078925 13.844445
43 30376020250992640 1296077182 10.174157
43 30366765800235009 1296074975 13.838611
43 30366659071975424 1296074950 13.829643
43 30365357126451200 1296074639 13.844445
43 30364026441572352 1296074322 13.851320
43 30363880240709633 1296074287 13.829643
43 30360271113424898 1296073427 13.814830
43 30359051397234688 1296073136 13.844445
43 30358150280380417 1296072921 13.829643
43 30354026755268608 1296071938 13.829643
43 30351964441153536 1296071446 13.829643
43 30350117638770688 1296071006 13.844445
43 30349976752099328 1296070972 18.357187
43 30340721470869504 1296068766 13.838611
43 30337914273538048 1296068097 11.097128
44 30912224218324992 1296205023 6.053882
44 30848603601772546 1296189854 6.050893
44 30840967690985472 1296188034 6.050893
44 30840912988872705 1296188021 6.055827
44 30807023062880257 1296179941 6.050893
44 30806852413427713 1296179900 6.053882
44 30806427895332864 1296179799 6.050893
44 30789356859957249 1296175729 6.053882
44 30785247603851264 1296174749 6.053882
44 30770417580904448 1296171213 8.737157
44 30763903692570625 1296169660 6.053882
44 30755695221547009 1296167703 8.731323
44 30751625622585344 1296166733 8.722356
44 30587641330143232 1296127636 6.050893
44 30575838902620161 1296124822 6.050893
44 30521031668011008 1296111755 6.053882
44 30458705405280256 1296096895 6.050893
44 30430028328075264 1296090058 6.050893
44 30426731810660353 1296089272 6.058119
44 30425578205093888 1296088997 6.050893
44 30409301906427904 1296085117 6.050893
44 30399177984839680 1296082703 6.053882
44 30335323279990785 1296067479 6.050893
44 30288098885636096 1296056220 6.050893
44 30264936919728128 1296050697 6.050893
44 30163158261833728 1296026431 6.055827
44 30057714608513024 1296001292 6.050893
44 29972474917556224 1295980969 6.059366
44 29965913851691008 1295979405 6.058119
44 29889251185270784 1295961127 6.055827
44 29766355565674496 1295931826 6.053882
44 29698910993780737 1295915746 6.059366
44 29695515914407937 1295914937 8.731323
44 29641817406308352 1295902134 6.053882
44 29594714659356672 1295890904 6.055827
44 29586984024412161 1295889061 6.050893
44 29468379723079680 1295860783 6.055827
44 29283966368358400 1295816816 6.055827
44 29269387714232321 1295813340 6.058119
44 29203016045305856 1295797516 6.055827
45 32274140148797440 1296529729 6.443779
45 32274142413717504 1296529729 6.443779
45 32247664460439553 1296523416 7.606793
45 32202911186419712 1296512746 7.774686
45 32129767947894784 1296495308 6.490635
45 32129254632198144 1296495185 7.615760
45 31825453668900864 1296422754 6.725104
45 31718287100350465 1296397203 6.443779
45 31675213439565825 1296386934 6.450655
45 31638862669287424 1296378267 7.120803
45 31478274014052352 1296339980 6.443779
45 31471973502558208 1296338477 6.458121
45 31429759095279616 1296328413 7.615760
45 31274357581946880 1296291362 6.443779
45 31045560039374849 1296236812 6.454396
45 30765094837166080 1296169944 7.574361
45 30733807455838208 1296162485 6.743381
45 30726546654236672 1296160754 6.450655
45 30685714500812800 1296151019 6.450655
45 30656300463427584 1296144006 7.583328
45 30632992225361920 1296138449 6.443779
45 30616598712680449 1296134540 6.443779
45 30591539688247297 1296128566 7.583328
45 30518075052789761 1296111050 6.443779
45 30440776995446784 1296092621 6.522342
45 30436744256028672 1296091659 6.733512
45 30395156083515392 1296081744 6.443779
45 30355161461301248 1296072209 6.510386
45 30000254858297345 1295987592 8.288577
45 29987128280616960 1295984463 6.443779
45 29954332547874816 1295976644 6.437944
45 29921958300753920 1295968925 6.454396
45 29915430986452992 1295967369 6.510386
45 29769447698857984 1295932564 7.086980
45 29751056560820224 1295928179 6.731082
45 29655040394272768 1295905287 7.273814
45 29578768976707584 1295887102 6.733512
45 29424217959174144 1295850254 6.437944
45 29402142078926848 1295844991 6.443779
45 29288913143074816 1295817995 6.437944
45 29233816241446912 1295804859 6.530121
45 29108165366784000 1295774902 6.815480
46 35104330025541632 1297204499 15.446560
46 34994007645884416 1297178196 15.440581
46 34847621172436993 1297143294 7.519162
46 34778378087170048 1297126786 7.511936
46 34668793548513281 1297100659 15.455032
46 34509296091922432 1297062631 7.933579
46 34317272734498816 1297016850 7.519162
46 33981481269338112 1296936791 15.450449
46 33967238587359232 1296933395 15.440581
46 33811002248138752 1296896145 15.450449
46 33654792861523968 1296858902 7.519162
46 33502824478277632 1296822670 15.450449
46 33464465403940864 1296813524 15.450449
46 33463500768542720 1296813294 15.450449
46 33207140613103617 1296752173 15.455032
46 33179971463684096 1296745696 7.519162
46 33151886580252672 1296739000 7.928646
46 33132476125675520 1296734372 15.450449
46 32922195944542208 1296684237 15.446560
46 32779746492293120 1296650275 15.440581
46 32576606333571073 1296601842 7.516870
46 32229772020940800 1296519151 7.928646
46 32216204403802113 1296515916 7.516870
46 31950180282540034 1296452491 15.455032
46 31934107797688320 1296448659 7.519162
46 31828727734206465 1296423534 7.519162
46 31801100839419904 1296416947 7.516870
46 31308255049293825 1296299444 7.511936
46 31226577924653056 1296279970 15.455032
46 31141050974216192 1296259579 7.519162
46 30996290926026752 1296225066 15.455032
46 30691945323958272 1296152504 15.450449
46 30604172848009216 1296131578 15.455032
46 30556888449949696 1296120304 7.931634
46 30403022903312384 1296083620 7.935871
46 30316236273360897 1296062928 15.455032
46 30234721715757057 1296043494 7.519162
46 30166932992823296 1296027331 7.516870
46 30087195675070464 1296008321 7.511936
46 29993984654843904 1295986097 7.928646
46 29978750485532672 1295982465 7.519162
46 29668217538482176 1295908428 7.519162
46 29449959023583232 1295856392 7.514925
46 29188896587780097 1295794149 7.928646
46 29057474619244544 1295762816 7.519162
46 29023221953073152 1295754649 7.519162
46 28991613413883904 1295747113 7.933579
46 28970442232430593 1295742066 7.514925
47 34328671447810048 1297019567 6.578289
47 34202427221606400 1296989468 6.578289
47 33964088472117248 1296932644 6.588158
47 33894472945246208 1296916046 6.588158
47 33709109232537602 1296871852 7.258839
47 33622306190270465 1296851157 6.584268
47 33600100227883010 1296845862 6.588158
47 33541239060041730 1296831829 7.517725
47 33514020069851136 1296825339 6.584268
47 33428111655702528 1296804857 6.584268
47 33299215660621824 1296774126 6.578289
47 33278507391909888 1296769189 6.588158
47 33082398514089984 1296722433 6.584268
47 33000974503120896 1296703020 6.843154
47 32908511562174464 1296680975 6.578289
47 32878274442956800 1296673766 6.578289
47 32800286204502016 1296655172 6.578289
47 32781615105056768 1296650720 6.584268
47 32536748152061952 1296592339 6.588158
47 32496916352737282 1296582843 6.592741
47 32487334716903424 1296580558 7.249899
47 32450407242403840 1296571754 6.578289
47 32273499913453568 1296529576 7.268706
47 32266671955640320 1296527948 6.584268
47 32117741028638720 1296492440 7.243921
47 32098954942353408 1296487961 6.837176
47 32051296697585664 1296476599 7.930448
47 31951665988894720 1296452845 6.578289
47 31069243042697216 1296242459 6.719176
47 30839874315624448 1296187773 6.578289
47 30839867848007680 1296187772 6.578289
47 30774636895539201 1296172219 7.258839
47 30756753977118720 1296167956 7.258839
47 30743457735639040 1296164786 6.578289
47 30686954068639744 1296151314 6.578289
47 30633667990659072 1296138610 7.258839
47 30633660713541632 1296138608 7.258839
47 30598407231897600 1296130203 7.243921
47 30364407246618625 1296074413 7.243921
47 30310139475001344 1296061475 6.588158
47 30297153360367616 1296058378 6.578289
47 29909919868125184 1295966055 7.253789
47 29497356420390912 1295867692 6.592741
47 29461413831380992 1295859123 6.578289
47 29373657931321344 1295838200 7.924470
47 29014865242759168 1295752657 6.588158
47 28981753855090688 1295744763 6.588158
48 31978796466835456 1296459313 4.886742
48 31975879873658881 1296458618 4.883203
48 31952517638127618 1296453048 7.141016
48 31947271151026176 1296451797 4.885495
48 31935605386514432 1296449016 4.886742
48 31921714044608512 1296445704 4.885495
48 31909632570040320 1296442823 5.570636
48 31858896867954688 1296430727 5.567647
48 31802644938883073 1296417316 4.885495
48 31800385320517632 1296416777 4.885495
48 31763182657740801 1296407907 4.883203
48 31759478898561025 1296407024 4.883203
48 31729426295164928 1296399859 4.883203
48 31725338752974851 1296398884 4.883203
48 31714123192467456 1296396210 4.885495
48 31704345456152576 1296393879 4.886742
48 31699489240645632 1296392721 4.883203
48 31500766376099840 1296345342 4.885495
48 31389235177070592 1296318751 4.885495
48 31338323108700160 1296306613 4.885495
48 31245260394864641 1296284425 4.883203
48 31224694912843776 1296279522 4.885495
48 31168962041487361 1296266234 4.883203
48 31142914402816001 1296260024 4.885495
48 31132332878471168 1296257501 5.567647
48 31092030037823488 1296247892 4.883203
48 31069160167444481 1296242439 4.883203
48 31021336423829504 1296231037 4.885495
48 30999685774712832 1296225875 4.885495
48 30947568909287425 1296213450 4.883203
48 30847327904210945 1296189550 4.883203
48 30824193377435648 1296184035 4.883203
48 30818432320544768 1296182661 4.883203
48 30692548586504192 1296152648 4.885495
48 30610879221338112 1296133176 4.883203
48 30049672043175936 1295999374 4.885495
48 29989173452607488 1295984950 4.885495
48 29934603187785729 1295971940 4.885495
48 29837667814342656 1295948829 4.883203
48 29646008031911936 1295903133 4.886742
48 29626932115013632 1295898585 4.885495
48 29598105804480512 1295891712 5.567647
48 29533280697065472 1295876257 4.883203
48 29398842742939648 1295844204 4.885495
48 29394389834932225 1295843143 4.886742
48 29361820661714944 1295835378 4.885495
49 32569981321347074 1296600263 11.839272
49 32551580590931969 1296595876 7.140477
49 32543815688527872 1296594024 11.824820
49 32395663933177856 1296558702 5.378903
49 32307745206042624 1296537741 11.830797
49 32160873720053760 1296502724 11.830797
49 32127935682977792 1296494871 11.830797
49 32005451423948800 1296465668 14.962058
49 31924776742162433 1296446434 11.839272
49 31739190425165824 1296402187 5.378903
49 31733093396119552 1296400733 5.380848
49 31499776683933696 1296345106 11.824820
49 31369941764546560 1296314151 5.378903
49 31353834857046016 1296310311 5.380848
49 31291921959747584 1296295550 5.378903
49 31247531786637312 1296284966 5.779853
49 31207623520948224 1296275451 7.147203
49 31181287960084482 1296269173 11.839272
49 31162375390367744 1296264663 11.824820
49 31051392953098241 1296238203 11.824820
49 31050045499383808 1296237882 11.824820
49 30971498835480576 1296219155 5.380848
49 30850299618922496 1296190259 11.834686
49 30783835524300800 1296174412 11.841765
49 30721013201240065 1296159434 11.814943
49 30686895180611584 1296151300 11.834686
49 30414700940365824 1296086404 7.142422
49 30246590987898880 1296046323 11.824820
49 30085676217139202 1296007958 5.765889
49 30082700081635328 1296007249 11.824820
49 30053106599329793 1296000193 11.834686
49 30032178775597056 1295995204 11.824820
49 29920448829460481 1295968565 11.824820
49 29903002357727233 1295964405 11.824820
49 29891255580237824 1295961605 11.824820
49 29828397521707008 1295946618 11.834686
49 29725732527669249 1295922141 11.841765
49 29721821251112960 1295921209 11.839272
49 29674021830262784 1295909812 11.830797
49 29523661006311425 1295873963 11.814943
49 29423166744961024 1295850004 11.814943
49 29415955956244480 1295848285 11.824820
49 29100796398280704 1295773145 11.824820
49 29090106375671808 1295770596 11.830797
